Level	AC	AC(N)	AC(H)	L-AC	L-AC(N)	L-AC(H)	TH	TH(N)	TH(H)	L-TH	L-TH(N)	L-TH(H)	HP	HP(N)	HP(H)	L-HP	L-HP(N)	L-HP(H)	DM	DM(N)	DM(H)	L-DM	L-DM(N)	L-DM(H)	XP	XP(N)	XP(H)	L-XP	L-XP(N)	L-XP(H)
0	1	1	1	1	1	1	1	1	1	1	1	1	1	1	1	1	1	1	1	1	1	1	1	1	1	1	1	1	1	1
1	7	119	191	7	140	224	10	140	280	10	140	280	10	385	2490	21	385	2490	4	6	8	4	6	8	30	78	114	30	78	114
2	15	132	210	15	156	247	15	163	330	15	163	330	11	407	2556	27	407	2556	6	8	12	6	8	12	40	104	152	40	104	152
3	23	145	230	23	171	270	23	187	379	23	187	379	14	432	2625	36	432	2625	6	8	12	6	8	12	50	131	193	50	131	193
4	31	158	249	31	187	293	33	210	429	33	210	429	18	450	2691	45	450	2691	8	10	14	8	10	14	60	156	229	60	156	229
5	39	172	269	39	202	315	45	234	478	45	234	478	20	475	2760	51	475	2760	8	10	14	8	10	14	70	182	267	70	182	267
6	46	185	288	46	218	339	58	257	527	58	257	527	24	500	2826	60	500	2826	10	14	18	10	14	18	80	207	304	80	207	304
7	54	198	306	54	234	361	72	280	577	72	280	577	28	522	2895	69	522	2895	10	14	18	10	14	18	90	234	343	90	234	343
8	62	211	327	62	249	384	87	304	626	87	304	626	32	547	2961	81	547	2961	12	16	22	12	16	22	100	260	381	100	260	381
9	70	224	347	70	265	408	101	327	676	101	327	676	71	527	2828	86	527	2828	13	17	24	13	17	24	110	285	418	110	285	418
10	78	239	365	78	280	430	115	351	725	115	351	725	81	551	2889	98	551	2889	13	17	24	13	17	24	120	312	457	120	312	457
11	85	252	386	85	296	453	130	374	774	130	374	774	83	574	2954	100	574	2954	15	20	28	15	20	28	130	338	494	130	338	494
12	93	265	404	93	312	475	144	397	824	144	397	824	93	594	3015	112	594	3015	15	20	28	15	20	28	140	363	531	140	363	531
13	101	278	423	101	327	499	158	421	873	158	421	873	102	618	3080	123	618	3080	17	22	32	17	22	32	154	401	586	154	401	586
14	109	291	444	109	343	522	172	444	923	172	444	923	111	635	3141	134	635	3141	19	24	36	19	24	36	169	440	642	169	440	642
15	117	305	462	117	358	544	187	468	972	187	468	972	120	658	3206	145	658	3206	19	24	36	19	24	36	186	482	702	186	482	702
16	124	318	482	124	374	568	201	491	1021	201	491	1021	130	682	3267	156	682	3267	20	28	38	20	28	38	205	533	776	205	533	776
17	132	331	501	132	390	590	215	514	1071	215	514	1071	140	702	3332	168	702	3332	20	28	38	20	28	38	225	584	849	225	584	849
18	140	344	521	140	405	613	230	538	1120	230	538	1120	149	725	3393	179	725	3393	22	30	41	22	30	41	248	644	935	248	644	935
19	148	357	542	148	421	637	244	561	1170	244	561	1170	146	689	3211	176	689	3211	23	30	43	23	30	43	273	708	1026	273	708	1026
20	156	371	560	156	436	659	258	585	1219	258	585	1219	157	710	3268	189	710	3268	23	30	43	23	30	43	300	779	1128	300	779	1128
21	163	384	579	163	452	682	273	608	1268	273	608	1268	168	736	3328	202	736	3328	25	34	46	25	34	46	330	857	1239	330	857	1239
22	171	397	599	171	468	704	287	631	1318	287	631	1318	181	757	3385	218	757	3385	25	34	46	25	34	46	363	942	1359	363	942	1359
23	179	410	618	179	483	728	301	655	1367	301	655	1367	192	773	3445	231	773	3445	27	36	50	27	36	50	399	1035	1491	399	1035	1491
24	187	423	638	187	499	751	315	678	1417	315	678	1417	203	796	3502	244	796	3502	28	37	54	28	37	54	439	1139	1637	439	1139	1637
25	195	438	657	195	514	773	330	702	1466	330	702	1466	216	814	3562	260	814	3562	28	37	54	28	37	54	470	1220	1750	470	1220	1750
26	202	451	677	202	530	796	344	725	1515	344	725	1515	229	835	3619	275	835	3619	30	41	55	30	41	55	503	1305	1868	503	1305	1868
27	210	464	696	210	546	819	358	748	1565	358	748	1565	244	858	3679	293	858	3679	30	41	55	30	41	55	538	1397	1995	538	1397	1995
28	218	477	716	218	561	842	373	772	1614	373	772	1614	260	874	3736	312	874	3736	32	43	59	32	43	59	576	1494	2128	576	1494	2128
29	226	490	735	226	577	865	387	795	1664	387	795	1664	251	826	3504	302	826	3504	32	42	59	32	42	59	616	1598	2271	616	1598	2271
30	234	504	755	234	592	887	401	819	1713	401	819	1713	267	922	3556	321	922	3556	32	42	59	32	42	59	659	1709	2423	659	1709	2423
31	241	517	774	241	608	911	416	842	1762	416	842	1762	283	1022	3612	340	1022	3612	34	45	62	34	45	62	706	1832	2591	706	1832	2591
32	249	530	793	249	624	933	430	865	1812	430	865	1812	300	1117	3664	360	1117	3664	34	45	62	34	45	62	755	1958	2762	755	1958	2762
33	257	543	813	257	639	956	444	889	1861	444	889	1861	315	1218	3720	379	1218	3720	35	47	66	35	47	66	808	2097	2950	808	2097	2950
34	265	556	833	265	655	980	458	912	1911	458	912	1911	331	1313	3772	398	1313	3772	37	49	69	37	49	69	864	2241	3144	864	2241	3144
35	273	570	851	273	670	1002	473	936	1960	473	936	1960	347	1414	3828	417	1414	3828	37	49	69	37	49	69	925	2399	3355	925	2399	3355
36	280	583	872	280	686	1025	487	959	2009	487	959	2009	363	1512	3880	436	1512	3880	39	52	73	39	52	73	990	2568	3580	990	2568	3580
37	288	596	890	288	702	1047	501	982	2059	501	982	2059	380	1609	3936	456	1609	3936	39	52	73	39	52	73	1059	2745	3816	1059	2745	3816
38	296	609	910	296	717	1071	516	1006	2108	516	1006	2108	395	1708	3988	475	1708	3988	40	54	74	40	54	74	1133	2939	4072	1133	2939	4072
39	304	622	930	304	733	1094	530	1029	2158	530	1029	2158	377	1655	3707	453	1655	3707	40	52	73	40	52	73	1212	3144	4341	1212	3144	4341
40	312	637	949	312	748	1116	544	1053	2207	544	1053	2207	394	1745	3755	473	1745	3755	40	52	73	40	52	73	1297	3365	4631	1297	3365	4631
41	319	650	968	319	764	1140	559	1076	2256	559	1076	2256	412	1837	3806	495	1837	3806	41	56	76	41	56	76	1388	3600	4936	1388	3600	4936
42	327	663	988	327	780	1162	573	1099	2306	573	1099	2306	428	1924	3854	514	1924	3854	41	56	76	41	56	76	1485	3852	5262	1485	3852	5262
43	335	676	1007	335	795	1185	587	1123	2355	587	1123	2355	445	2016	3905	534	2016	3905	43	57	80	43	57	80	1589	4121	5609	1589	4121	5609
44	343	689	1028	343	811	1209	601	1146	2405	601	1146	2405	463	2104	3953	556	2104	3953	44	59	83	44	59	83	1693	4409	5978	1693	4409	5978
45	351	703	1046	351	826	1231	616	1170	2454	616	1170	2454	480	2196	4004	576	2196	4004	44	59	83	44	59	83	1797	4718	6371	1797	4718	6371
46	358	716	1066	358	842	1254	630	1193	2503	630	1193	2503	496	2288	4052	596	2288	4052	46	62	86	46	62	86	1901	5051	6794	1901	5051	6794
47	366	729	1085	366	858	1276	644	1216	2553	644	1216	2553	515	2376	4103	618	2376	4103	46	62	86	46	62	86	2005	5402	7235	2005	5402	7235
48	374	742	1105	374	873	1300	659	1240	2602	659	1240	2602	531	2468	4151	638	2468	4151	48	64	89	48	64	89	2109	5783	7712	2109	5783	7712
49	382	755	1124	382	889	1323	673	1263	2652	673	1263	2652	498	2323	3820	598	2323	3820	46	61	85	46	61	85	2213	6186	8213	2213	6186	8213
50	390	769	1144	390	904	1345	687	1287	2701	687	1287	2701	516	2407	3864	620	2407	3864	46	61	85	46	61	85	2317	6618	8747	2317	6618	8747
51	397	782	1163	397	920	1368	702	1310	2750	702	1310	2750	535	2489	3910	642	2489	3910	48	64	88	48	64	88	2421	7080	9315	2421	7080	9315
52	405	795	1183	405	936	1391	716	1333	2800	716	1333	2800	551	2570	3954	662	2570	3954	48	64	88	48	64	88	2525	7506	9828	2525	7506	9828
53	413	808	1202	413	951	1414	730	1357	2849	730	1357	2849	570	2652	4000	684	2652	4000	49	66	91	49	66	91	2629	7956	10367	2629	7956	10367
54	421	821	1222	421	967	1437	744	1380	2899	744	1380	2899	586	2734	4060	704	2734	4060	51	67	94	51	67	94	2733	8435	10937	2733	8435	10937
55	429	835	1241	429	982	1459	759	1404	2948	759	1404	2948	605	2815	4150	726	2815	4150	51	67	94	51	67	94	2837	8942	11535	2837	8942	11535
56	436	848	1261	436	998	1483	773	1427	2997	773	1427	2997	623	2899	4270	748	2899	4270	52	70	97	52	70	97	2941	9477	12161	2941	9477	12161
57	444	861	1279	444	1014	1505	787	1450	3047	787	1450	3047	640	2978	4444	768	2978	4444	52	70	97	52	70	97	3045	10044	12820	3045	10044	12820
58	452	874	1300	452	1029	1528	802	1474	3096	802	1474	3096	658	3062	4616	790	3062	4616	54	72	100	54	72	100	3149	10647	13516	3149	10647	13516
59	460	887	1319	460	1045	1552	816	1497	3146	816	1497	3146	608	2827	4309	730	2827	4309	51	68	95	51	68	95	3253	11286	14246	3253	11286	14246
60	468	902	1337	468	1060	1574	830	1521	3195	830	1521	3195	626	2903	4464	752	2903	4464	51	68	95	51	68	95	3357	11964	15016	3357	11964	15016
61	475	915	1358	475	1076	1597	845	1544	3244	845	1544	3244	645	2978	4620	774	2978	4620	53	71	98	53	71	98	3461	12680	15821	3461	12680	15821
62	483	928	1376	483	1092	1619	859	1567	3294	859	1567	3294	662	3049	4775	795	3049	4775	53	71	98	53	71	98	3565	13442	16672	3565	13442	16672
63	491	941	1396	491	1107	1643	873	1591	3343	873	1591	3343	680	3125	4930	817	3125	4930	54	72	100	54	72	100	3669	14249	17565	3669	14249	17565
64	499	954	1417	499	1123	1666	887	1614	3393	887	1614	3393	698	3197	5085	838	3197	5085	54	72	100	54	72	100	3773	15104	18502	3773	15104	18502
65	507	968	1435	507	1138	1688	902	1638	3442	902	1638	3442	715	3272	5241	858	3272	5241	56	74	103	56	74	103	3877	16010	19486	3877	16010	19486
66	514	981	1454	514	1154	1712	916	1661	3491	916	1661	3491	733	3346	5396	880	3346	5396	57	77	106	57	77	106	3981	16916	20454	3981	16916	20454
67	522	994	1474	522	1170	1734	930	1684	3541	930	1684	3541	750	3419	5551	901	3419	5551	57	77	106	57	77	106	4085	17822	21406	4085	17822	21406
68	530	1007	1493	530	1185	1757	945	1708	3590	945	1708	3590	769	3492	5706	923	3492	5706	58	78	109	58	78	109	4189	18728	22340	4189	18728	22340
69	538	1020	1514	538	1201	1781	959	1731	3640	959	1731	3640	700	3169	5211	840	3169	5211	55	74	104	55	74	104	4293	19634	23257	4293	19634	23257
70	546	1034	1532	546	1216	1803	973	1755	3689	973	1755	3689	718	3235	5348	862	3235	5348	55	74	104	55	74	104	4397	20540	24157	4397	20540	24157
71	553	1047	1552	553	1232	1826	988	1778	3738	988	1778	3738	735	3302	5486	883	3302	5486	57	76	105	57	76	105	4501	21446	25038	4501	21446	25038
72	561	1060	1571	561	1248	1848	1002	1801	3788	1002	1801	3788	753	3365	5624	904	3365	5624	57	76	105	57	76	105	4605	22352	25902	4605	22352	25902
73	569	1073	1591	569	1263	1872	1016	1825	3837	1016	1825	3837	771	3432	5763	926	3432	5763	58	78	107	58	78	107	4709	23258	26746	4709	23258	26746
74	577	1086	1610	577	1279	1895	1030	1848	3887	1030	1848	3887	789	3496	5900	947	3496	5900	59	79	110	59	79	110	4813	24164	27572	4813	24164	27572
75	585	1101	1630	585	1294	1917	1045	1872	3936	1045	1872	3936	806	3563	6038	968	3563	6038	59	79	110	59	79	110	4917	25070	28378	4917	25070	28378
76	592	1114	1649	592	1310	1940	1059	1895	3985	1059	1895	3985	823	3630	6176	988	3630	6176	61	81	113	61	81	113	5021	25976	29165	5021	25976	29165
77	600	1127	1669	600	1326	1963	1073	1918	4035	1073	1918	4035	842	3694	6315	1011	3694	6315	61	81	113	61	81	113	5125	26882	29931	5125	26882	29931
78	608	1140	1688	608	1341	1986	1088	1942	4084	1088	1942	4084	860	3761	6452	1032	3761	6452	62	83	115	62	83	115	5229	27788	30678	5229	27788	30678
79	616	1153	1708	616	1357	2009	1102	1965	4134	1102	1965	4134	767	3346	5766	921	3346	5766	58	78	109	58	78	109	5333	28694	31403	5333	28694	31403
80	624	1167	1727	624	1372	2031	1116	1989	4183	1116	1989	4183	785	3404	5887	942	3404	5887	58	78	109	58	78	109	5437	29600	32108	5437	29600	32108
81	631	1180	1747	631	1388	2055	1131	2012	4232	1131	2012	4232	802	3462	6008	963	3462	6008	60	80	111	60	80	111	5541	30506	32792	5541	30506	32792
82	639	1193	1765	639	1404	2077	1145	2035	4282	1145	2035	4282	818	3520	6129	982	3520	6129	60	80	111	60	80	111	5645	31412	33453	5645	31412	33453
83	647	1206	1786	647	1419	2100	1159	2059	4331	1159	2059	4331	835	3576	6249	1003	3576	6249	61	81	112	61	81	112	5749	32318	34093	5749	32318	34093
84	655	1219	1805	655	1435	2124	1173	2082	4381	1173	2082	4381	853	3634	6370	1024	3634	6370	61	81	112	61	81	112	5853	33224	34710	5853	33224	34710
85	663	1233	1823	663	1450	2146	1188	2106	4430	1188	2106	4430	870	3690	6491	1044	3690	6491	62	82	115	62	82	115	5957	34130	35305	5957	34130	35305
86	670	1246	1844	670	1466	2169	1202	2129	4479	1202	2129	4479	887	3749	6612	1065	3749	6612	63	84	117	63	84	117	6061	35036	35877	6061	35036	35877
87	678	1259	1862	678	1482	2191	1216	2152	4529	1216	2152	4529	904	3805	6732	1085	3805	6732	63	84	117	63	84	117	6165	35942	36425	6165	35942	36425
88	686	1272	1882	686	1497	2215	1231	2176	4578	1231	2176	4578	921	3864	6853	1106	3864	6853	64	86	120	64	86	120	6269	36848	36950	6269	36848	36950
89	694	1285	1903	694	1513	2238	1245	2199	4628	1245	2199	4628	805	3359	5978	966	3359	5978	60	80	112	60	80	112	6373	37754	37451	6373	37754	37451
90	702	1300	1921	702	1528	2260	1259	2223	4677	1259	2223	4677	820	3409	6081	985	3409	6081	60	80	112	60	80	112	6477	38660	37927	6477	38660	37927
91	709	1313	1940	709	1544	2284	1274	2246	4726	1274	2246	4726	836	3460	6184	1004	3460	6184	61	81	114	61	81	114	6581	39566	38379	6581	39566	38379
92	717	1326	1960	717	1560	2306	1288	2269	4776	1288	2269	4776	852	3508	6288	1023	3508	6288	61	81	114	61	81	114	6685	40472	38805	6685	40472	38805
93	725	1339	1979	725	1575	2329	1302	2293	4825	1302	2293	4825	867	3558	6392	1041	3558	6392	62	83	115	62	83	115	6789	41378	39206	6789	41378	39206
94	733	1352	2000	733	1591	2353	1316	2316	4875	1316	2316	4875	883	3605	6495	1060	3605	6495	63	84	117	63	84	117	6893	42284	39582	6893	42284	39582
95	741	1366	2018	741	1606	2375	1331	2340	4924	1331	2340	4924	900	3655	6598	1080	3655	6598	63	84	117	63	84	117	6997	43190	39932	6997	43190	39932
96	748	1379	2038	748	1622	2398	1345	2363	4973	1345	2363	4973	915	3704	6702	1099	3704	6702	64	85	119	64	85	119	7101	44096	40255	7101	44096	40255
97	756	1392	2057	756	1638	2420	1359	2386	5023	1359	2386	5023	931	3754	6806	1118	3754	6806	64	85	119	64	85	119	7205	45002	40551	7205	45002	40551
98	764	1405	2077	764	1653	2444	1374	2410	5072	1374	2410	5072	947	3803	6909	1137	3803	6909	66	88	122	66	88	122	7309	45908	40821	7309	45908	40821
99	772	1418	2096	772	1669	2467	1388	2433	5122	1388	2433	5122	963	3852	7012	1156	3852	7012	66	88	122	66	88	122	7413	46814	41063	7413	46814	41063
100	780	1432	1600	780	1684	2489	1402	2457	4000	1402	2457	4000	981	3900	7000	1178	3900	7000	67	89	100	67	89	100	7517	47720	41277	7517	47720	41277
101	787	1445	1700	787	1700	2512	1417	2480	4200	1417	2480	4200	998	3950	7300	1198	3950	7300	68	90	105	68	90	105	7621	48626	41464	7621	48626	41464
102	795	1458	1800	795	1716	2535	1431	2503	4400	1431	2503	4400	1015	3998	7600	1219	3998	7600	68	90	110	68	90	110	7725	49532	41622	7725	49532	41622
103	803	1471	1900	803	1731	2558	1445	2527	4600	1445	2527	4600	1032	4049	7900	1239	4049	7900	69	92	115	69	92	115	7829	50438	41751	7829	50438	41751
104	811	1484	2000	811	1747	2581	1459	2550	4800	1459	2550	4800	1050	4097	8200	1261	4097	8200	69	92	120	69	92	120	7933	51344	41851	7933	51344	41851
105	819	1498	2100	819	1762	2603	1474	2574	5000	1474	2574	5000	1067	4147	8500	1281	4147	8500	70	93	125	70	93	125	8037	52250	41922	8037	52250	41922
106	826	1511	2200	826	1778	2627	1488	2597	5200	1488	2597	5200	1085	4198	8800	1302	4198	8800	71	94	130	71	94	130	8141	53156	41963	8141	53156	41963
107	834	1524	2300	834	1794	2649	1502	2620	5400	1502	2620	5400	1102	4244	9100	1323	4244	9100	71	94	135	71	94	135	8245	54062	41974	8245	54062	41974
108	842	1537	2400	842	1809	2672	1517	2644	5600	1517	2644	5600	1120	4295	9400	1344	4295	9400	72	96	140	72	96	140	8349	54968	41955	8349	54968	41955
109	850	1550	2500	850	1825	2696	1531	2667	5800	1531	2667	5800	1136	4343	9700	1364	4343	9700	73	97	145	73	97	145	8453	55874	41905	8453	55874	41905
110	2100	2100	2100	2100	2100	2100	6532	6532	6532	6532	6532	6532	8333	10000	10000	10000	10000	10000	130	130	130	130	130	130	160000	160000	160000	160000	160000	160000
